CHROM	POS	REF	ALT	F0	F1	M0	M1	Plasma_REF	Plasma_ALT	Hom	Het	P0	P1	Fetal_F	OddRatio_F
chr11	5029703	C	T	0	1	0	0	179	0	0.026882369670289376	1.3339174825071006e-08	0.95	0.050000000000000044	1.0	4.17445961165475
chr11	5208174	A	G	1	0	1	1	11	140	0.00019435029346358376	0.07382983820130584	0.05	0.95	1.0	1.6169524097490924
chr11	5208594	C	G	0	1	0	0	174	6	0.08265215268416944	0.00076842955330928	0.95	0.050000000000000044	1.0	6.541910102068642
chr11	5209013	C	G	0	1	0	0	98	7	0.004023013169762173	0.08557929381759523	0.05	0.95	1.0	3.823922881331158
chr11	5209957	G	C	1	0	1	1	11	120	5.752729082427504e-05	0.1106409791254142	0.05	0.95	1.0	3.6382763481032145
chr11	5209964	T	C	0	1	0	0	124	2	0.25724322148315043	0.00025622559294721347	0.95	0.050000000000000044	1.0	8.956534297166597
chr11	5209966	A	C	1	0	1	1	9	109	0.0005061623743115041	0.10238103719978947	0.05	0.95	1.0	6.943095146125633
chr11	5213182	A	G	1	0	1	1	4	116	0.126162299992397	0.005578227097500084	0.95	0.050000000000000044	1.0	6.340525812034511
chr11	5213276	A	G	1	0	1	1	8	185	0.025128302704552397	0.0022213933485761153	0.9187781339777628	0.08122186602223724	1.0	7.648861114409508
chr11	5217187	G	T	0	1	0	0	150	0	0.048296021243487676	2.517364246034885e-07	0.95	0.050000000000000044	1.0	4.173056823387665
chr11	5217277	C	T	0	1	0	0	167	2	0.19452732854889473	5.9266480648996125e-06	0.95	0.050000000000000044	1.0	5.777428184681134
chr11	5249290	G	C	0	1	0	0	142	1	0.16235616392589128	7.798778303555997e-06	0.95	0.050000000000000044	1.0	4.347393904522573
chr11	5249370	C	T	0	1	0	0	107	8	0.0017433099791892412	0.08609518850207513	0.05	0.95	2.0	2.939823839955396
chr11	5252325	T	C	1	0	0	0	194	2	0.15176770355354685	5.176951852745117e-07	0.05	0.95	2.0	-4.495727765314209
chr11	5256431	A	C	1	0	1	1	4	155	0.179072515897895	0.0003349843763837412	0.95	0.050000000000000044	2.0	-3.5900863979184905
chr11	5262782	A	C	1	0	1	1	10	157	0.001516651670672703	0.030132249760073167	0.05	0.95	2.0	-5.677908649852631
chr11	5263577	C	G	1	0	1	1	6	121	0.028706056988849732	0.019632299458991382	0.5938567030061239	0.4061432969938761	2.0	-4.4796637946324775
chr11	5266961	T	C	1	0	1	1	6	177	0.08602198622935188	0.000627046936087362	0.95	0.050000000000000044	2.0	-3.6402157785588605
chr11	5270343	TAAAG	T	1	0	1	1	9	78	5.4318877876007786e-05	0.13573544887492597	0.05	0.95	2.0	-6.268593447311966
chr11	5270418	A	G	1	0	1	1	5	90	0.03009394838087787	0.052786721298701295	0.3630997251496952	0.6369002748503048	2.0	-6.769356112485614
chr11	5273922	T	C	1	0	1	1	8	112	0.002238592891359279	0.07370221536827906	0.05	0.95	2.0	-6.478506132000226
chr11	5298030	A	G	1	0	0	0	190	3	0.20313512380651524	4.616616499593333e-06	0.05	0.95	2.0	-5.35989656565588
