chr	pos	ref	alt	F0	F1	M0	M1	Mp_ref	Mp_alt	F_origin	fetal_F	Hom	Het	P0	P1	Fetal_M	OddRatio_M
11	5138733	C	T	0	0	1	0	74	56	0	1	0.036328760301016165	0.04483536690337368	0.5524037336158124	0.4475962663841876	1.0	-5.590309511102502
11	5140977	T	C	0	0	1	0	60	80	0	1	2.2205354135278224e-06	0.004326740712394069	0.95	0.050000000000000044	1.0	-6.777692962018307
11	5141876	G	A	0	0	1	0	91	90	0	1	0.0003963644018544914	0.04731486714440158	0.95	0.050000000000000044	1.0	-6.679954601674017
11	5141902	T	C	0	0	1	0	87	70	0	1	0.016417307819743092	0.051239253788368855	0.757343450073072	0.24265654992692798	1.0	-7.434289873985064
11	5144407	T	C	0	0	1	0	97	95	0	1	0.0003536865026639325	0.04738460913878228	0.95	0.050000000000000044	1.0	-6.220128284535168
11	5145686	C	T	0	0	1	0	73	67	0	1	0.004373613287093897	0.06664750666407236	0.938418131253053	0.061581868746947044	1.0	-6.045900117468119
11	5153261	A	G	0	1	1	0	56	86	0	1	3.226941109773216e-08	0.00042917155528403604	0.95	0.050000000000000044	1.0	-4.829230098570319
11	5164056	A	T	0	1	1	0	82	128	0	1	1.1713745002590432e-11	1.9939670885863847e-05	0.95	0.050000000000000044	1.0	-5.656872476897864
11	5167125	C	T	1	1	0	1	84	75	1	1	0.0022010455003047594	0.06326930768600827	0.95	0.050000000000000044	1.0	-6.515783232680189
11	5168952	T	C	0	0	1	0	38	35	0	1	0.02181288675668551	0.09245954245554959	0.8091150515740501	0.19088494842594994	1.0	-6.08842577621298
11	5172398	A	G	0	0	1	0	63	100	0	1	1.0657528037909183e-09	9.312552126086025e-05	0.95	0.050000000000000044	1.0	-6.464362725359877
11	5176020	T	G	0	0	1	0	101	94	0	1	0.0009616957135696784	0.05503985026516325	0.95	0.050000000000000044	1.0	-6.171198907860015
11	5180187	G	A	0	0	1	0	92	63	0	1	0.05303254260079168	0.01669737292704604	0.23945781090728668	0.7605421890927133	1.0	-4.048517421827441
11	5196450	A	G	1	0	1	0	67	59	1	1	0.0041400064165928495	0.07078155796413046	0.05525787469619412	0.9447421253038059	2.0	-2.7253496431383595
11	5198595	G	A	1	0	1	0	102	79	1	1	6.013474607702908e-05	0.037340818129763295	0.05	0.95	2.0	6.293322927222208
11	5222379	G	A	0	0	0	1	77	70	0	1	0.004273445591732542	0.06548599490462534	0.06125974579678083	0.9387402542032192	2.0	3.997454258326453
11	5222399	G	A	0	0	0	1	79	66	0	1	0.012869297724331263	0.06094039192003797	0.17435783548661798	0.825642164513382	2.0	7.735226447743553
11	5223871	C	G	0	0	0	1	105	82	0	1	0.016430031523165387	0.03814453022755137	0.30105659113148264	0.6989434088685174	2.0	5.53565933332544
11	5230302	A	C	0	0	0	1	86	79	0	1	0.0024378629579619587	0.06123229422017522	0.05	0.95	2.0	5.374057272133414
11	5231897	C	T	0	0	0	1	96	103	0	1	2.8736650474461354e-05	0.025013464918096508	0.05	0.95	2.0	6.019869089064606
11	5247992	CAAAG	C	0	0	1	0	85	93	0	1	4.143803642323773e-05	0.024422958424392398	0.95	0.050000000000000044	2.0	2.64168887293108
11	5257778	G	A	0	0	0	1	82	70	0	3	0.00898002667503742	0.06210308576104635	0.1263313657391134	0.8736686342608866	2.0	3.7452511159748263
11	5263683	C	T	0	0	0	1	95	77	0	3	0.012657447871764428	0.049482535613418095	0.2036924885051287	0.7963075114948713	2.0	4.7978696420687665
11	5264146	T	G	0	0	0	1	81	87	0	3	9.938558801999e-05	0.03065076417449671	0.05	0.95	2.0	6.882553172465295
11	5265106	C	A	0	0	0	1	85	54	0	3	0.06825853321671883	0.009537790478527042	0.8774004988219013	0.1225995011780987	2.0	5.044919733857665
11	5269931	G	C	0	0	0	1	134	118	0	3	0.0009773416068658083	0.04988762252186682	0.05	0.95	2.0	6.137961027372859
11	5271671	C	T	0	0	0	1	109	56	0	3	0.035046689728962147	0.00016492035792037133	0.95	0.050000000000000044	2.0	3.8810661342397585
11	5272795	G	A	0	0	1	0	138	71	0	3	0.026683707604264292	3.0835046254108425e-05	0.05	0.95	2.0	7.4193497277345895
11	5277291	C	T	0	0	0	1	104	79	0	3	0.022567093150236663	0.03232376586503081	0.4111266166186213	0.5888733833813786	2.0	5.833527957223391
11	5280281	C	T	0	0	0	1	63	43	0	3	0.06899708262237676	0.03033945589978745	0.694579090925158	0.305420909074842	2.0	5.540931745862322
11	5280839	TA	T	0	0	0	1	79	55	0	3	0.0550918838215397	0.024772599467237047	0.6898170695268455	0.3101829304731545	2.0	6.342625957260977
11	5289139	C	A	0	0	0	1	79	82	0	3	0.0002780034004243323	0.040422615534438	0.05	0.95	2.0	5.971109402621567
11	5290053	C	T	0	0	0	1	91	72	0	3	0.018225882766764245	0.046181140897752736	0.28297973931692827	0.7170202606830718	2.0	5.816639434965508
11	5290370	C	G	0	0	0	1	127	57	0	3	0.00813656597648756	2.704549890033696e-06	0.95	0.050000000000000044	2.0	4.59399777844431
11	5291628	C	G	0	0	0	1	113	81	0	3	0.03406056686009569	0.01787469889261911	0.6558273336324508	0.3441726663675492	2.0	4.9777665975809375
11	5291736	C	T	0	0	0	1	130	58	0	3	0.0071387139718449176	1.823494693037516e-06	0.95	0.050000000000000044	2.0	4.778566500973524
11	5319175	CAG	C	0	0	0	1	92	71	0	3	0.023140231030629788	0.04037247201808473	0.36434020156379004	0.63565979843621	2.0	3.973910784533463
11	5326337	A	G	1	1	0	1	80	57	1	3	7.041811654100376e-05	0.028726931523077318	0.95	0.050000000000000044	1.0	1.8178309983144896
11	5352806	C	T	0	0	1	0	76	57	0	3	0.0375330120799166	0.04173699561710845	0.5265168609120093	0.47348313908799067	1.0	-3.0156792086716475
11	5353450	GCAAA	G	0	0	1	0	52	43	0	3	0.03007996036121147	0.07614311765987973	0.7168227383202084	0.2831772616797916	1.0	-4.3881027451089585
11	5354680	G	T	0	0	1	0	76	79	0	3	0.00033676747888557277	0.04153084663392769	0.95	0.050000000000000044	1.0	-5.020134633871452
11	5356341	T	C	0	0	1	0	105	92	0	3	0.002850228852191869	0.05625855182485814	0.95	0.050000000000000044	1.0	-4.991997147187567
